Calculating...Please wait

Original  |  Predicted
--------------------
24.000000 | 21.777051
21.600000 | 22.915970
34.700000 | 22.719644
33.400000 | 20.837286
36.200000 | 19.255882
28.700000 | 18.384486
22.900000 | 21.953284
27.100000 | 20.803368
16.500000 | 20.067126
18.900000 | 33.088721
15.000000 | 23.153161
18.900000 | 26.603652
21.700000 | 29.016396
20.400000 | 17.024970
18.200000 | 15.262851
19.900000 | 24.451914
23.100000 | 27.075840
17.500000 | 25.934301
20.200000 | 21.444198
18.200000 | 21.029554
13.600000 | 15.549423
19.600000 | 25.870318
15.200000 | 12.183287
14.500000 | 15.029318
15.600000 | 27.680203
13.900000 | 23.580164
16.600000 | 23.164154
14.800000 | 21.204247
18.400000 | 24.064883
21.000000 | 20.904041
12.700000 | 13.267185
14.500000 | 18.468419
13.200000 | 46.778016
13.100000 | -1.166261
13.500000 | 9.194438
18.900000 | 8.804467
20.000000 | 13.457443
21.000000 | 31.149495
24.700000 | 35.771033
30.800000 | 29.801010
34.900000 | 26.193536
26.600000 | 17.805358
25.300000 | 19.586765
24.700000 | 52.590597
21.200000 | 39.804228
19.300000 | 34.834091
20.000000 | 48.009460
16.600000 | 39.328700
14.400000 | 135.254309
19.400000 | 39.876829
19.700000 | 21.642952
20.500000 | 19.968677
25.000000 | 22.420178
23.400000 | 28.262535
18.900000 | 31.976413
35.400000 | 33.083908
24.700000 | 20.889814
31.600000 | 19.174637
23.300000 | 20.905225
19.600000 | 22.020385
18.700000 | 19.742578
16.000000 | 28.062941
22.200000 | 30.870981
25.000000 | 30.232069
33.000000 | 26.143697
23.500000 | 22.064566
19.400000 | 56.535049
22.000000 | 25.128079
17.400000 | 45.247462
20.900000 | 35.758064
24.200000 | 30.169616
21.700000 | 39.766242
22.800000 | 60.987898
23.400000 | 95.911429
24.100000 | 23.305616
21.400000 | 26.386440
20.000000 | 19.691830
20.800000 | 38.166612
21.200000 | 71.595003
20.300000 | 33.334025
28.000000 | 19.073850
23.900000 | 40.434624
24.800000 | 51.261866
22.900000 | 34.411424
23.900000 | 29.313941
26.600000 | 36.234211
22.500000 | 99.391787
22.200000 | 32.011956
23.600000 | 31.218295
28.700000 | 22.590304
22.600000 | 26.385414
22.000000 | 18.893157
22.900000 | 17.571080
25.000000 | 26.930913
20.600000 | 25.442143
28.400000 | 58.751127
21.400000 | 21.676038
38.700000 | 24.158601
43.800000 | 24.979613
33.200000 | 30.770052
27.500000 | 24.315142
26.500000 | 21.139422
18.600000 | 29.211657
19.300000 | 28.973898
20.100000 | 30.782875
19.500000 | 27.539304
19.500000 | 24.603718
20.400000 | 22.528434
19.800000 | 40.007610
19.400000 | 29.905258
21.700000 | 23.494237
22.800000 | 30.961120
18.800000 | 26.027076
18.700000 | 25.757931
18.500000 | 24.127771
18.300000 | 28.948715
21.200000 | 27.649224
19.200000 | 26.035853
20.400000 | 23.476886
19.300000 | 26.479595
22.000000 | 23.548687
20.300000 | 37.084399
20.500000 | 26.498810
17.300000 | 19.909344
18.800000 | 13.770654
21.400000 | 18.035025
15.700000 | 25.139833
16.200000 | 24.123647
18.000000 | 24.781589
14.300000 | 22.870572
19.200000 | 26.247504
19.600000 | 26.930500
23.000000 | 27.915482
18.400000 | 17.569983
15.600000 | 13.179787
18.100000 | 19.562858
17.400000 | 34.400745
17.100000 | 30.864886
13.300000 | 22.600470
17.800000 | 23.114479
14.000000 | 24.820488
14.400000 | 31.545182
13.400000 | 19.433908
15.600000 | 22.935005
11.800000 | 25.889752
13.800000 | 26.214113
15.600000 | 29.537459
14.600000 | 36.174034
17.800000 | 26.612902
15.400000 | 30.994354
21.500000 | 33.834404
19.600000 | 18.931944
15.300000 | 18.600919
19.400000 | 24.110061
17.000000 | 23.517066
15.600000 | 22.424656
13.100000 | 8.635234
41.300000 | 6.715516
24.300000 | 2.770293
23.300000 | 13.063804
27.000000 | 14.126251
50.000000 | 17.940958
50.000000 | 20.502784
50.000000 | 17.838611
22.700000 | 12.992208
25.000000 | 17.388752
50.000000 | 20.261806
23.800000 | 15.407523
23.800000 | 19.410528
22.300000 | 25.525425
17.400000 | 21.070558
19.100000 | 28.773786
23.100000 | 26.883980
23.600000 | 19.947523

Learning rate = 1.000000
Time taken by gradient descent = 0.331189


------------------
(program exited with code: 0)
Press return to continue


