Calculating...Please wait

Original  |  Predicted
--------------------
24.000000 | 22.027192
21.600000 | 23.703384
34.700000 | 23.361629
33.400000 | 21.414723
36.200000 | 19.894660
28.700000 | 19.239616
22.900000 | 22.314146
27.100000 | 21.225079
16.500000 | 20.872849
18.900000 | 33.134215
15.000000 | 23.756916
18.900000 | 27.139977
21.700000 | 29.235415
20.400000 | 17.489764
18.200000 | 15.614417
19.900000 | 24.988197
23.100000 | 27.648557
17.500000 | 26.158550
20.200000 | 22.359188
18.200000 | 21.977099
13.600000 | 16.501577
19.600000 | 27.254199
15.200000 | 13.583505
14.500000 | 16.432685
15.600000 | 23.471943
13.900000 | 22.455479
16.600000 | 21.766536
14.800000 | 19.841773
18.400000 | 23.173279
21.000000 | 19.603518
12.700000 | 13.734574
14.500000 | 17.502280
13.200000 | 43.918788
13.100000 | 0.844777
13.500000 | 9.139331
18.900000 | 4.821236
20.000000 | 14.066441
21.000000 | 29.494805
24.700000 | 33.377958
30.800000 | 25.717171
34.900000 | 23.290534
26.600000 | 10.385955
25.300000 | 8.622764
24.700000 | 41.328962
21.200000 | 29.962532
19.300000 | 28.116706
20.000000 | 34.023323
16.600000 | 28.960558
14.400000 | 87.067991
19.400000 | 30.304224
19.700000 | 16.517777
20.500000 | 15.333101
25.000000 | 11.654063
23.400000 | 18.202443
18.900000 | 19.068113
35.400000 | 19.916331
24.700000 | 12.709101
31.600000 | 15.191437
23.300000 | 17.765871
19.600000 | 18.846853
18.700000 | 13.552097
16.000000 | 23.641454
22.200000 | 24.166588
25.000000 | 25.288273
33.000000 | 22.343740
23.500000 | 18.032431
19.400000 | 34.963586
22.000000 | 17.770626
17.400000 | 30.712425
20.900000 | 27.540187
24.200000 | 24.366094
21.700000 | 27.108909
22.800000 | 37.920137
23.400000 | 59.683701
24.100000 | 13.467369
21.400000 | 21.344003
20.000000 | 14.464289
20.800000 | 29.080928
21.200000 | 46.093913
20.300000 | 24.615513
28.000000 | 8.065929
23.900000 | 25.695051
24.800000 | 26.202748
22.900000 | 23.063110
23.900000 | 21.708252
26.600000 | 22.005604
22.500000 | 60.661681
22.200000 | 24.167931
23.600000 | 25.681530
28.700000 | 19.441253
22.600000 | 20.568678
22.000000 | 14.027813
22.900000 | 12.879245
25.000000 | 18.025498
20.600000 | 18.571985
28.400000 | 39.156203
21.400000 | 16.881919
38.700000 | 18.152361
43.800000 | 19.750178
33.200000 | 24.036900
27.500000 | 20.714214
26.500000 | 18.303480
18.600000 | 22.548098
19.300000 | 22.117578
20.100000 | 23.261882
19.500000 | 18.801408
19.500000 | 15.352048
20.400000 | 17.412693
19.800000 | 28.098159
19.400000 | 24.391539
21.700000 | 20.837354
22.800000 | 25.385565
18.800000 | 18.959715
18.700000 | 19.296638
18.500000 | 20.831416
18.300000 | 23.993270
21.200000 | 22.723859
19.200000 | 21.696811
20.400000 | 19.715540
19.300000 | 23.188797
22.000000 | 20.742210
20.300000 | 31.654946
20.500000 | 21.139315
17.300000 | 17.150827
18.800000 | 11.634684
21.400000 | 14.272979
15.700000 | 21.094048
16.200000 | 20.935566
18.000000 | 21.939985
14.300000 | 21.071750
19.200000 | 22.953645
19.600000 | 24.609653
23.000000 | 23.574262
18.400000 | 15.753844
15.600000 | 11.493810
18.100000 | 16.278884
17.400000 | 25.282734
17.100000 | 23.468331
13.300000 | 19.707555
17.800000 | 20.769424
14.000000 | 22.117994
14.400000 | 28.061544
13.400000 | 15.362494
15.600000 | 18.039939
11.800000 | 22.270422
13.800000 | 17.689342
15.600000 | 23.596453
14.600000 | 28.560369
17.800000 | 23.105098
15.400000 | 27.670263
21.500000 | 30.320511
19.600000 | 17.155240
15.300000 | 16.741360
19.400000 | 21.754216
17.000000 | 20.185766
15.600000 | 19.677366
13.100000 | 8.527263
41.300000 | 5.877440
24.300000 | 1.412695
23.300000 | 12.533760
27.000000 | 14.019860
50.000000 | 18.223606
50.000000 | 19.974904
50.000000 | 16.774796
22.700000 | 12.624195
25.000000 | 17.649356
50.000000 | 20.275715
23.800000 | 15.802679
23.800000 | 19.541512
22.300000 | 25.571699
17.400000 | 21.889155
19.100000 | 29.468948
23.100000 | 27.625227
23.600000 | 21.182120

Learning rate = 0.010000
Time taken by gradient descent = 10.514074


------------------
(program exited with code: 0)
Press return to continue
