Calculating...Please wait

Original  |  Predicted
--------------------
24.000000 | 21.481595
21.600000 | 23.236761
34.700000 | 22.839968
33.400000 | 20.919593
36.200000 | 19.457489
28.700000 | 18.880375
22.900000 | 21.734945
27.100000 | 20.682738
16.500000 | 20.482297
18.900000 | 32.367786
15.000000 | 23.394276
18.900000 | 26.612277
21.700000 | 28.551355
20.400000 | 17.064687
18.200000 | 15.172122
19.900000 | 24.427856
23.100000 | 27.118431
17.500000 | 25.369782
20.200000 | 21.921147
18.200000 | 21.642054
13.600000 | 16.295395
19.600000 | 26.986774
15.200000 | 13.387792
14.500000 | 16.187160
15.600000 | 21.256416
13.900000 | 21.480689
16.600000 | 20.713280
14.800000 | 18.740801
18.400000 | 22.200182
21.000000 | 18.517668
12.700000 | 13.499172
14.500000 | 16.707189
13.200000 | 41.858950
13.100000 | 1.568033
13.500000 | 8.817508
18.900000 | 3.110803
20.000000 | 14.006621
21.000000 | 28.300074
24.700000 | 31.815601
30.800000 | 23.531968
34.900000 | 21.714007
26.600000 | 7.099712
25.300000 | 3.986949
24.700000 | 35.955315
21.200000 | 25.344559
19.300000 | 24.763567
20.000000 | 27.703588
16.600000 | 24.169252
14.400000 | 66.304478
19.400000 | 25.791609
19.700000 | 14.018030
20.500000 | 13.045912
25.000000 | 7.038997
23.400000 | 13.713438
18.900000 | 13.469341
35.400000 | 14.180028
24.700000 | 9.070548
31.600000 | 13.178995
23.300000 | 16.038968
19.600000 | 17.073209
18.700000 | 10.694497
16.000000 | 21.301637
22.200000 | 20.922384
25.000000 | 22.693038
33.000000 | 20.250032
23.500000 | 15.945405
19.400000 | 25.627219
22.000000 | 14.351520
17.400000 | 24.220960
20.900000 | 23.608258
24.200000 | 21.439895
21.700000 | 21.471185
22.800000 | 27.953961
23.400000 | 44.139558
24.100000 | 9.243466
21.400000 | 18.853874
20.000000 | 12.005607
20.800000 | 24.810744
21.200000 | 35.111180
20.300000 | 20.567586
28.000000 | 3.438841
23.900000 | 19.313892
24.800000 | 15.648048
22.900000 | 17.935716
23.900000 | 18.086667
26.600000 | 15.823140
22.500000 | 44.102012
22.200000 | 20.406352
23.600000 | 22.836148
28.700000 | 17.665114
22.600000 | 17.797317
22.000000 | 11.693413
22.900000 | 10.699614
25.000000 | 13.989380
20.600000 | 15.434504
28.400000 | 30.557917
21.400000 | 14.500534
38.700000 | 15.241554
43.800000 | 17.197369
33.200000 | 20.783075
27.500000 | 18.808273
26.500000 | 16.647382
18.600000 | 19.314727
19.300000 | 18.759864
20.100000 | 19.646744
19.500000 | 14.764952
19.500000 | 11.167057
20.400000 | 14.877581
19.800000 | 22.686148
19.400000 | 21.550550
21.700000 | 19.204117
22.800000 | 22.501674
18.800000 | 15.608142
18.700000 | 16.149856
18.500000 | 18.936348
18.300000 | 21.394113
21.200000 | 20.168168
19.200000 | 19.377652
20.400000 | 17.647620
19.300000 | 21.251548
22.000000 | 19.059177
20.300000 | 28.696454
20.500000 | 18.407542
17.300000 | 15.533431
18.800000 | 10.374242
21.400000 | 12.333162
15.700000 | 18.913670
16.200000 | 19.113802
18.000000 | 20.203410
14.300000 | 19.785310
19.200000 | 21.048381
19.600000 | 23.058748
23.000000 | 21.289441
18.400000 | 14.626289
15.600000 | 10.449148
18.100000 | 14.547653
17.400000 | 21.112874
17.100000 | 20.041173
13.300000 | 18.081999
17.800000 | 19.371213
14.000000 | 20.529372
14.400000 | 26.040245
13.400000 | 13.371134
15.600000 | 15.629529
11.800000 | 20.281408
13.800000 | 13.868344
15.600000 | 20.680824
14.600000 | 24.920914
17.800000 | 21.223506
15.400000 | 25.766431
21.500000 | 28.282710
19.600000 | 16.084826
15.300000 | 15.609270
19.400000 | 20.319092
17.000000 | 18.376521
15.600000 | 18.151647
13.100000 | 7.759726
41.300000 | 4.846526
24.300000 | 0.246895
23.300000 | 11.503619
27.000000 | 13.152050
50.000000 | 17.722898
50.000000 | 19.116614
50.000000 | 15.758582
22.700000 | 11.927137
25.000000 | 17.119786
50.000000 | 19.609955
23.800000 | 15.371368
23.800000 | 18.919162
22.300000 | 24.594403
17.400000 | 21.300894
19.100000 | 28.670036
23.100000 | 26.878134
23.600000 | 20.771539

Learning rate = 0.001000
Time taken by gradient descent = 63.348692


------------------
(program exited with code: 0)
Press return to continue


